A	0.917974003	0.921559839	0.923352757	0.925145675	0.932317346	0.935903182	0.939489018	0.94666069	0.948453608	0.952039444	0.95562528	0.959211116	0.962796952	0.96458987	0.968175706	0.98251905	0.989690722	0.990587181	0.992380099	0.999551771	1
R	0.001859168	0.953753195	0.957471531	0.958401116	0.958865908	0.96630258	0.970020916	0.9709505	0.974668836	0.975133628	0.976063212	0.990936556	0.992795724	0.993260516	0.9941901	0.996049268	0.997908436	0.998373228	0.999302812	0.999767604	1
N	0.000475511	0.002377556	0.976224441	0.980028531	0.980266286	0.982168331	0.984070376	0.98597242	0.98977651	0.990014265	0.990252021	0.992154066	0.992629577	0.992867332	0.993342844	0.997146933	0.999048978	0.999167855	0.999643367	0.999881122	1
D	0.000477156	0.000954312	0.004771561	0.981987355	0.982225933	0.984134558	0.991769056	0.992723369	0.993677681	0.993916259	0.994035548	0.99498986	0.995228439	0.995467017	0.996421329	0.998329953	0.999284266	0.999403555	0.999642133	0.999880711	1
C	0.000243791	0.000274265	0.000304739	0.000335213	0.998902941	0.998933415	0.998948652	0.998979125	0.999009599	0.999131495	0.99925339	0.999283864	0.99940576	0.999466707	0.999497181	0.999619077	0.999740972	0.99980192	0.999862868	0.999984763	1
Q	0.001835283	0.009176417	0.012846983	0.01651755	0.016976371	0.956641432	0.971323698	0.97224134	0.975911906	0.976370727	0.977288369	0.984629502	0.988300069	0.98875889	0.990594173	0.99426474	0.996100023	0.997017665	0.998852948	0.99977059	1
E	0.001830664	0.005491991	0.009153318	0.023798627	0.02402746	0.038672769	0.97597254	0.976887872	0.980549199	0.981006865	0.981464531	0.988787185	0.989702517	0.990160183	0.991990847	0.995652174	0.997482838	0.997940503	0.998855835	0.999771167	1
G	0.001929338	0.002411672	0.00434101	0.005305679	0.005546847	0.006029181	0.006511516	0.99433257	0.994814904	0.994935488	0.995056071	0.995538406	0.995779573	0.99602074	0.996503075	0.998432413	0.998914747	0.999397082	0.999638249	0.999879416	1
H	0.000121297	0.000606483	0.001576857	0.00181945	0.001880098	0.002365285	0.002850472	0.002971768	0.996634018	0.996694666	0.996755314	0.996997908	0.997119204	0.997361798	0.997483094	0.997725688	0.997846984	0.997968281	0.999909028	0.999969676	1
I	0.003412969	0.004266212	0.005119454	0.005972696	0.009385666	0.010238908	0.01109215	0.011518771	0.012372014	0.88609215	0.913395904	0.914249147	0.927901024	0.934726962	0.935580205	0.937286689	0.940699659	0.941552901	0.94496587	0.999573379	1
L	0.003498032	0.005247049	0.006121557	0.006558811	0.010056843	0.011805859	0.012680367	0.013117621	0.013992129	0.041976388	0.937472672	0.939221688	0.967205947	0.974202011	0.975076519	0.976825536	0.980323568	0.982072584	0.985570617	0.999562746	1
K	0.001848002	0.016632017	0.02032802	0.022176022	0.022638023	0.03003003	0.037422037	0.038346038	0.04019404	0.040656041	0.041580042	0.987756988	0.98960499	0.99006699	0.991914992	0.995610996	0.997458997	0.997920998	0.998844999	0.999769	1
M	0.001842893	0.003685787	0.004607233	0.005067957	0.00691085	0.010596637	0.011518083	0.011978807	0.012900253	0.020271827	0.035014974	0.036857867	0.980419258	0.984105045	0.985026492	0.986869385	0.988712278	0.990555172	0.992398065	0.999769638	1
F	0.000473485	0.000710227	0.00094697	0.001183712	0.001657197	0.001893939	0.002130682	0.002367424	0.003314394	0.005208333	0.007102273	0.007339015	0.009232955	0.978929924	0.979048295	0.97952178	0.979995265	0.983783144	0.998934659	0.999881629	1
P	0.000485584	0.000728376	0.000971168	0.001456753	0.001578149	0.002063733	0.002549317	0.002792109	0.003034901	0.003156297	0.003277693	0.003763278	0.00400607	0.004066768	0.998543247	0.999028832	0.999514416	0.999575114	0.99969651	0.999939302	1
S	0.013992129	0.017490162	0.031482291	0.038478356	0.041976388	0.048972453	0.055968518	0.062964582	0.066462615	0.068211631	0.069960647	0.076956712	0.080454744	0.08220376	0.085701793	0.981198076	0.995190206	0.996064714	0.99781373	0.999562746	1
T	0.00374094	0.00561141	0.00935235	0.01122282	0.01309329	0.01496376	0.01683423	0.017769465	0.0187047	0.02057517	0.022445639	0.024316109	0.026186579	0.027121814	0.028992284	0.036474164	0.994154781	0.995090016	0.996025251	0.999766191	1
W	7.62515E-06	1.52503E-05	1.90629E-05	2.28754E-05	3.81257E-05	5.3376E-05	6.10012E-05	7.62515E-05	9.15018E-05	9.91269E-05	0.000114377	0.000122002	0.000152503	0.000274505	0.000278318	0.000285943	0.000301193	0.999744558	0.999988562	0.999996187	1
Y	0.000239249	0.000478498	0.000717746	0.000837371	0.001076619	0.001555117	0.001794366	0.00191399	0.00574197	0.006220468	0.006698965	0.006938214	0.007416712	0.015072672	0.015192296	0.015431545	0.015670794	0.019498774	0.99946169	0.999940188	1
V	0.006869901	0.007728639	0.008587377	0.009446114	0.012881065	0.01459854	0.016316015	0.017174753	0.018033491	0.072992701	0.086732503	0.088449979	0.102189781	0.105624732	0.107342207	0.109059682	0.115929584	0.116788321	0.120223272	0.999570631	1
