A	0.55773420	0.57516340	0.58387800	0.59259259	0.62745098	0.64488017	0.66230937	0.69716776	0.70588235	0.72331155	0.74074074	0.75816993	0.77559913	0.78431373	0.80174292	0.87145969	0.90631808	0.91067538	0.91938998	0.95424837	0.96296296	0.98039216	0.99782135	1.00000000
R	0.01070950	0.69611780	0.71753681	0.72289157	0.72556894	0.76840696	0.78982597	0.79518072	0.81659973	0.81927711	0.82463186	0.91030790	0.92101740	0.92369478	0.92904953	0.93975904	0.95046854	0.95314592	0.95850067	0.96117805	0.97188755	0.97724230	0.99866131	1.00000000
N	0.00263505	0.01317523	0.68774704	0.70882740	0.71014493	0.72068511	0.73122530	0.74176548	0.76284585	0.76416337	0.76548090	0.77602108	0.77865613	0.77997365	0.78260870	0.80368906	0.81422925	0.81488801	0.81752306	0.81884058	0.98748353	0.98880105	0.99934124	1.00000000
D	0.00265781	0.00531561	0.02657807	0.70697674	0.70830565	0.71893688	0.76146179	0.76677741	0.77209302	0.77342193	0.77408638	0.77940199	0.78073090	0.78205980	0.78737542	0.79800664	0.80332226	0.80398671	0.80531561	0.80664452	0.97674419	0.97807309	0.99933555	1.00000000
C	0.00192818	0.00216920	0.00241022	0.00265124	0.98987708	0.99011810	0.99023861	0.99047963	0.99072066	0.99168474	0.99264883	0.99288985	0.99385394	0.99433598	0.99457701	0.99554109	0.99650518	0.99698723	0.99746927	0.99843336	0.99867438	0.99963847	0.99987949	1.00000000
Q	0.00761180	0.03805899	0.05328259	0.06850618	0.07040913	0.55756422	0.61845861	0.62226451	0.63748811	0.63939106	0.64319696	0.67364415	0.68886775	0.69077069	0.69838249	0.71360609	0.72121789	0.72502379	0.73263559	0.73644148	0.75166508	0.75547098	0.99904853	1.00000000
E	0.00743494	0.02230483	0.03717472	0.09665428	0.09758364	0.15706320	0.63289963	0.63661710	0.65148699	0.65334572	0.65520446	0.68494424	0.68866171	0.69052045	0.69795539	0.71282528	0.72026022	0.72211896	0.72583643	0.72955390	0.75929368	0.76115242	0.99907063	1.00000000
G	0.01405975	0.01757469	0.03163445	0.03866432	0.04042179	0.04393673	0.04745167	0.94727592	0.95079086	0.95166960	0.95254833	0.95606327	0.95782074	0.95957821	0.96309315	0.97715290	0.98066784	0.98418278	0.98594025	0.98769772	0.99472759	0.99560633	0.99912127	1.00000000
H	0.00092187	0.00460936	0.01198433	0.01382807	0.01428901	0.01797649	0.02166398	0.02258585	0.96658216	0.96704310	0.96750403	0.96934778	0.97026965	0.97211339	0.97303526	0.97487900	0.97580088	0.97672275	0.99147269	0.99193363	0.99562111	0.99608205	0.99976953	1.00000000
I	0.01169591	0.01461988	0.01754386	0.02046784	0.03216374	0.03508772	0.03801170	0.03947368	0.04239766	0.41666667	0.51023392	0.51315789	0.55994152	0.58333333	0.58625731	0.59210526	0.60380117	0.60672515	0.61842105	0.80555556	0.80847953	0.99561404	0.99853801	1.00000000
L	0.01277955	0.01916933	0.02236422	0.02396166	0.03674121	0.04313099	0.04632588	0.04792332	0.05111821	0.15335463	0.56230032	0.56869010	0.67092652	0.69648562	0.69968051	0.70607029	0.71884984	0.72523962	0.73801917	0.78913738	0.79073482	0.99520767	0.99840256	1.00000000
K	0.01006289	0.09056604	0.11069182	0.12075472	0.12327044	0.16352201	0.20377358	0.20880503	0.21886792	0.22138365	0.22641509	0.87044025	0.88050314	0.88301887	0.89308176	0.91320755	0.92327044	0.92578616	0.93081761	0.93584906	0.95597484	0.95849057	0.99874214	1.00000000
M	0.00962696	0.01925391	0.02406739	0.02647413	0.03610108	0.05535499	0.06016847	0.06257521	0.06738869	0.10589651	0.18291215	0.19253911	0.80866426	0.82791817	0.83273165	0.84235860	0.85198556	0.86161252	0.87123947	0.90974729	0.91215403	0.98916968	0.99879663	1.00000000
F	0.00307692	0.00461538	0.00615385	0.00769231	0.01076923	0.01230769	0.01384615	0.01538462	0.02153846	0.03384615	0.04615385	0.04769231	0.06000000	0.84769231	0.84846154	0.85153846	0.85461538	0.87923077	0.97769231	0.98384615	0.98538462	0.99769231	0.99923077	1.00000000
P	0.00371575	0.00557362	0.00743149	0.01114724	0.01207617	0.01579192	0.01950766	0.02136554	0.02322341	0.02415235	0.02508128	0.02879703	0.03065490	0.03111937	0.98235021	0.98606595	0.98978170	0.99024617	0.99117510	0.99303298	0.99489085	0.99581979	0.99953553	1.00000000
S	0.06026365	0.07532957	0.13559322	0.16572505	0.18079096	0.21092279	0.24105461	0.27118644	0.28625235	0.29378531	0.30131827	0.33145009	0.34651601	0.35404896	0.36911488	0.85122411	0.91148776	0.91525424	0.92278719	0.93032015	0.96045198	0.96798493	0.99811676	1.00000000
T	0.02231520	0.03347280	0.05578801	0.06694561	0.07810321	0.08926081	0.10041841	0.10599721	0.11157601	0.12273361	0.13389121	0.14504881	0.15620642	0.16178522	0.17294282	0.21757322	0.93165969	0.93723849	0.94281729	0.96513250	0.97629010	0.98744770	0.99860530	1.00000000
W	0.00006075	0.00012150	0.00015187	0.00018224	0.00030374	0.00042523	0.00048598	0.00060748	0.00072897	0.00078972	0.00091122	0.00097196	0.00121496	0.00218692	0.00221729	0.00227804	0.00239954	0.99769158	0.99963551	0.99969626	0.99972663	0.99984813	0.99996963	1.00000000
Y	0.00166875	0.00333751	0.00500626	0.00584063	0.00750939	0.01084689	0.01251564	0.01335002	0.04005006	0.04338757	0.04672507	0.04839383	0.05173133	0.10513141	0.10596579	0.10763454	0.10930330	0.13600334	0.99040467	0.99374218	0.99457655	0.99791406	0.99958281	1.00000000
V	0.02635914	0.02965404	0.03294893	0.03624382	0.04942339	0.05601318	0.06260297	0.06589786	0.06919275	0.28006590	0.33278418	0.33937397	0.39209226	0.40527183	0.41186161	0.41845140	0.44481054	0.44810544	0.46128501	0.88303130	0.88632619	0.99176277	0.99835255	1.00000000
B	0.00430571	0.01291712	0.28848224	0.56404736	0.56620022	0.58342304	0.61786868	0.62648009	0.64370291	0.64585576	0.64693219	0.66415501	0.66630786	0.66846071	0.67276642	0.68998924	0.69860065	0.69967707	0.70182992	0.70398278	0.97954790	0.98170075	0.99892357	1.00000000
J	0.01346801	0.02020202	0.02356902	0.02693603	0.04040404	0.04713805	0.05050505	0.05218855	0.05555556	0.27104377	0.48653199	0.48989899	0.59764310	0.62457912	0.62794613	0.63468013	0.64814815	0.65488215	0.66835017	0.77609428	0.77946128	0.99494949	0.99831650	1.00000000
Z	0.00823893	0.02471679	0.04119464	0.07415036	0.07621009	0.33985582	0.60350154	0.60762101	0.62409887	0.62615860	0.62821833	0.66117405	0.66941298	0.67147271	0.67971164	0.69618950	0.70442842	0.70854789	0.71266735	0.71678682	0.73326468	0.73532441	0.99897013	1.00000000
